0
4294967295
42
1264358700
2229145243
3802821438
3926884741
4073751840
2788193791
2177862482
545108617
1733597780
1131168163
872430246
2986742221
1859815624
1267701127
3799799098
2573099857
1421165692
1929958827
1991700238
2136386325
4044161392
3432687119
1978293282
2573020441
2375234468
511699635
2884382838
3460459869
3681980184
2546976663
960577546
1698508769
1855391692
3391201467
2557583070
3274602661
1912197568
191961631
1855758578
4196764585
2306695412
2755794883
994892358
790883565
349006184
1845804455
999038682
438394993
1201069852
3317264331
339182254
609217077
3405510160
4141142575
395532738
3902787129
3695714884
2187577555
975124502
444829821
484710328
3866064823
178909610
385086721
2273954412
3382788827
1101372030
2746482629
1052274272
2938555967
3149629074
2698310857
677934996
2530606563
4087368166
2960807949
2332006920
764474823
1328003194
417197457
528796092
1911167467
3550013006
1687402837
1293171376
4043837007
356656994
2232287065
2173919460
4291409651
1984761782
2069971869
3685019736
2485794775
148009802
3410512417
2581388556
2732913915
2821613086
1013454565
53762816
626627167
496254002
2916347369
3166559796
732951555
1675790726
4291908397
3231259304
2671525351
1589060122
1474038449
1780941916
2569196555
2562922990
1122637941
1266536272
1899780719
3713975554
2045755513
3223121796
3912873235
3244144470
1285785277
1893800184
403179511
1864549610
4135726913
1027096492
4185175835
1240727998
1645395461
1033213856
3323029119
1015988690
510293769
3542455508
2002254371
3338377510
2331041357
4173458248
470717959
530734010
2103687121
1227198204
3773537835
4221443470
3860531093
1851831280
4051285647
3528536738
915214745
4002205220
2503721779
2956537590
2383567325
2311098776
756082711
3976390282
4041843809
2638475852
4107831611
1490971998
226227493
1074013248
2908113567
3037927282
1407225897
206019444
2455113795
2345892038
1671493997
3399617512
1091567143
3142673754
331150577
1915251100
1926002763
1209135406
2565768885
837085328
2949128879
1249996866
2385375929
2005597380
1582817619
197621398
3816144125
661346872
3528251447
2782582826
4140214657
2041050348
1083730779
3134564606
1533787205
816316640
3140501183
394870034
327039305
483127828
2570204771
1431447654
1068082317
560037000
4014503495
3475783418
2301608465
785880124
4232929899
2114360526
3391919573
3862064432
2922356431
2421652962
3088737241
3653204836
2736131955
3505425974
2492837917
2668196568
1254348887
823302602
677461665
638338956
205282683
163689630
2359956325
162082176
2477212383
3898159794
2257285737
3445266612
2893311107
4200572934
2027085741
1009270056
1270873703
1822091418
805576497
1557860060
2935381131
1365510254
211629301
2943435216
2998414063
3795540866
1335518457
2815576580
3321777555
815560150
2369401661
2579684216
494790775
2584882026
2315346881
2316888620
189554587
2475331646
100596357
2570037792
2663601919
2682976338
978336649
4204498772
4037325475
2246309798
216312525
2921221576
3212744327
419783226
1048710225
1843059068
1078945451
705842190
386425877
2244568688
1198114575
1922369826
1408628249
2288740516
764976051
2410884470
1563117149
348099608
360908951
1614908682
66001121
561372364
1968206267
1511537630
1345483173
2170779328
143424287
2863042034
538219689
2503398900
2387282115
919017286
2644968941
1584115304
4153163431
3453201370
3471935857
1736373276
3923804363
603545518
3291882293
895671056
3125572399
1741457090
678762297
909301572
1147992531
2266805526
942729597
1629985976
1104885943
1997061802
1651662337
4224393068
97555419
324188030
403470533
946639712
3238702911
1760818066
2367716809
2715053204
2985258723
2146502374
1893855501
2285395720
3840997063
4167943546
3751450257
3815726780
1764862699
251741006
317616725
1583718320
493367119
3695826018
2489305177
2144376292
2030266355
3821079734
4128447645
606270808
4119754967
1171243082
1439904545
3166745100
4233414139
690094878
777326565
141754368
2084959071
792406322
985396969
958157620
2350507267
139052678
1885170733
3131858856
3165961959
2050731802
1388655537
257169756
4291486987
1863448302
637096309
1962521680
1187314543
3732206082
3271428473
1206690948
1038345747
2793944150
312074173
1457102328
3349465335
2818478570
1918474305
2617152684
476383259
3111001790
2278831877
262061216
2990950271
1172582098
1177485321
2276886996
1364355875
2864272934
702641997
3639586888
4158625543
2829412538
4005126353
2899649532
1932799787
2081651342
1142866069
3242662128
3496662927
1890967458
1134025369
2234450724
160855091
73018358
2911711965
1181980312
2468751639
3976016778
810388833
1697433420
2911459899
2518616670
1028779557
1075300672
2668866463
3914794098
817994025
3461025908
975241539
1982313926
3476427373
438980840
1400471335
1293087322
1572806129
295337628
217418059
569232942
3626418101
1601555856
409060271
2306121026
158677945
1111470532
1453527635
1713304470
2327123453
2484657976
1998231863
3627263274
3958837889
2012432876
2068429915
1159513598
2341877061
1611015648
1119231935
1241229842
3753624137
1635903252
2198710115
2910643558
908279181
159662472
3498735431
2766949370
773745425
659302716
2593583979
8974798
1893289685
1068356144
1085390799
320416482
1809722585
2647044196
2744238195
1757317942
299469085
888240088
3599374679
2701780682
3852347297
3355057292
3576573563
5198238
3546877029
160551552
1630905311
2352619442
2623896425
2852326836
1822449027
3349210374
3631282349
2250605096
3021635431
1637447066
3525265457
1804739548
1839230347
1808590190
3237899765
639051472
795003887
3960178818
639282681
3396075268
1927970451
3709924054
1321372733
1915052152
1484564855
4075288682
1099615425
3706273580
2394861723
3047075134
2576511877
2866990880
2191144959
3363464530
335987849
611746900
996221859
1870378150
3555148749
3275100872
2268174215
2827120442
2684990801
4027870844
1536817067
1805756686
2673745173
2866400112
2390550543
3870537250
1467137817
249011620
1261784243
3358468726
4046987101
3906771224
3891939735
3979729418
134545889
3530076620
4286792379
116578526
2262461093
2250316736
4075543583
186940146
1474796969
1636059892
936901059
2213893190
3930988269
1205728104
383238055
319764698
3525685873
1518012700
3188429259
3153018030
113269813
975028240
3423081519
3380196290
2200854585
3316747332
3069848275
1657680406
1291993725
2319393208
3020618167
593202090
626312961
1478521964
50586843
1244910718
1745416645
2977216608
3258093631
1419796626
3713009353
97804692
2928467939
401982438
2171439629
4014285832
1947531207
2930233978
2260418449
3832411068
1920809963
3432882254
367864661
336266416
437014607
1321566562
2425721177
1570884324
1153505523
434702774
1508439453
2608134744
800504279
2629897546
1774328865
2981660428
4173895419
2303303710
770050277
386245888
3296089183
2572555826
2106064873
3389966388
4027045379
1919222662
2735572269
3901990056
4092674023
4239670298
3222428849
1536503388
3665229323
3247756270
262965877
1288280400
1855036527
620699394
3404747385
1498438020
2266109715
2389094742
3014932669
3047564024
302352887
3570294506
2308243777
3067668908
3294189851
2182888382
3979980805
1962664352
2445224063
3249380306
1977059593
2061205204
1355865123
237703974
4243984461
3069277512
796170247
4070340026
1685260753
563656956
3682648107
1924978574
1522956693
3431038448
2208299151
4002319522
3783697305
1332033572
343221555
2502895862
2586577885
3321535384
1442802199
3135996042
487945825
3542719564
3443403579
2794694494
3737904933
1568632384
2249526431
2853106034
1736876585
4175594868
695202371
2586833606
3773770605
830903784
61276199
4190666586
1042630385
740332444
3743586891
1811786542
2181232821
1331344016
3611255983
1104923202
3886056633
3934807748
2272412499
925528214
4044910333
228222008
984373815
2994762282
2693495681
106077932
4278127963
479716094
1600433733
918047456
3246391487
585242386
1474120521
952884244
3597473891
4183532134
1153488525
2205877896
2442164295
4020263162
4218491921
81051196
3538191467
3980349134
875169749
1702704944
2876760271
2840516578
1418065369
3915507044
2123460979
2973796406
1078026781
565017816
1125407319
2465543114
1950290081
3824939404
3374579579
3188780702
4023125349
986609536
671614175
4035906738
2955117673
1128235700
3092270723
1117135366
3258126765
737593128
1043923047
629932698
782135601
3378329820
676232843
3932799598
1141090037
1930496976
105999599
2739910018
58652409
513389572
2623188883
1952018390
3010389309
3948668280
910125687
2813445482
3698865601
2479723564
523567515
417778238
885648517
2011821088
1639258367
3414020690
1033981321
887454036
866227363
3234296230
2534268109
4263630792
2997393543
1626569786
1307926097
727843708
3572009131
191170062
2824328725
2956865648
2983463183
2722521890
869500953
1893192356
2270559667
626861942
443086941
2815270424
523602583
2954766090
25094881
3513747148
2025460667
1862366686
4146488229
3492987072
3666820383
1612081138
832480937
1046855668
2968054467
4074213702
2769893357
556021864
3689365671
3678324186
3015564145
1888165404
1379574475
2887326126
2079233333
690791696
1007138095
211476674
2295048505
3670294852
3926612947
2637410070
3908541309
3895109304
1291762359
3751958698
4019924993
3968452972
3510318555
3058233726
598305477
4191214944
3265163583
1321258386
560173001
2758301332
2628669667
2343469286
1914512141
270919944
3942447303
1104535418
2654988433
1921026236
2647444715
3698195790
4254065749
3187960240
4143214927
1018506850
162486873
1795620836
1929562611
3905226422
920833693
2442854232
1386412759
3718666826
2534737185
3368311820
2822793211
2560965918
3407544805
2129414656
233485663
736428850
104335593
3214228788
1736034051
1916027014
669097517
2588862888
1425129703
3055601946
801342897
2666152796
958859019
1615573230
2416165749
585989712
4171382127
2164083714
566664057
1145572996
3569633299
1224289878
3220345277
3712395256
120212215
3314691050
3425987137
3720822444
22129179
1946048702
574826757
3182233248
1954285951
2146109650
1029968393
4237587412
2245217571
3243298854
2486085965
3804707400
3536689415
3448210106
1854976721
4151332348
701583659
2946118798
3121754773
3759137520
454629775
467351970
2690215065
2637131044
3319256627
850929142
3824084189
1482006680
2241637143
651021706
1195466593
926576972
1677130811
1513899102
2179588133
3896185664
1918528927
3342524018
2284825385
3691903604
1883431747
3354144710
684475501
1622596328
1637384487
2440170586
1156542449
297445532
4183010123
4131489838
646132149
1368627088
4234216879
1136064322
3098529209
3227851716
12940371
1323953558
2795489277
3824150840
755112759
79773482
2760107137
1959130092
3686293083
289865726
1725376325
79589344
1200480703
1916568594
199414857
4071215380
2739964259
149839718
4219629453
3745893256
1113225543
2135451130
2166865169
393302844
3040220523
338275278
2753478869
2812320816
4269933007
586712290
34717401
210836068
1142235763
2054587702
2949462813
3040707032
2690816855
3604250826
1682176417
3390162572
4162703483
319196062
1909653093
3982433408
4162741727
3847748018
1371901289
3910137780
2676244355
994008838
3323538093
2107378728
4196106599
2289209242
3582040625
3325840860
4009791371
2637864814
632086517
3864981712
1199836655
3624395394
2009546745
4099631364
1380901011
3326471382
1262435901
1432775288
3334876023
2289013354
3939081921
4274383148
3434042011
2372069182
1738892677
1346705696
1276377599
2029338450
1193268873
2078830164
3915777443
1237790374
3864557005
2934021320
1373870471
307792186
3628402513
1875089532
3157989803
3646710542
3254095637
3858142576
3245287951
1967984674
2031636761
4268492708
4059737779
2000692342
1757270365
2710741784
3409234839
2029679626
2153567201
1854561228
4042581179
1648628446
823549093
2946000320
3480657439
2038191346
1027190697
2077963508
159243203
1399705158
1577603309
977173864
1455079847
4133638874
62522481
4189008668
3060642763
3296130734
3015757365
1385138704
441144879
19926466
3377263161
3312121412
3986722003
105720854
2618356861
3404344248
481721271
2078090666
1363515649
151461484
2155251419
663883390
3673023429
1635844704
3528348223
659896978
3915061449
3448785812
2354299363
2870689254
3538992141
987409928
1504246215
2180508794
3056112017
3718716860
4213202411
242375246
1507237205
2891042480
3290468943
1981340514
2410488665
4160763108
331905779
542442422
486582173
1452606552
1850948567
3632244554
1842081313
1373909260
448542971
657775134
2515794661
2418470656
1755518559
3068653618
1691095529
1773122100
40876035
3619126662
2396632877
534654632
4021699047
1988187674
836284081
693327964
735778827
456560110
922680437
1197826896
4109819503
3262085378
1468064889
1490273156
922384659
2789190486
3344231101
498806008
3071478775
1246361834
3392656193
1623823276
3813538587
1595176382
3069223429
967977888
1786571391
1352431058
752130825
1558276308
5881379
2485816614
2139832909
2893086536
4058683911
157716410
2635226065
2119951100
1847976491
44798350
4060212117
1274169328
2799057551
3365660322
269497753
3196953124
767461171
2901746422
450215389
1300538776
838724631
10754698
1053902945
3781117516
2176044347
2165891422
3064715557
810203200
1944309407
282774386
582792233
3352129396
513397827
3478940870
919428461
4156235752
2102264359
3826227546
35494129
308854172
1804123211
2428069166
1437035189
3055582352
2546378415
1594238018
212014777
332779716
3533481299
2103274134
994779389
1729719864
1578884151
2666925098
2279624065
323832044
561360731
4079623422
837656645
437818592
3839869631
134934802
2345426249
3743139348
4189583971
2889161830
3932686477
1826918536
4075321927
602174202
1329751569
2938234940
1368106603
1162348750
1354201557
1444413744
1238377167
1343631842
75597785
1465143140
68998003
2489352758
4034728989
1067550424
4269071447
1017630154
1168958113
3392904076
1914413435
3476039838
3917346661
1900265856
3782788831
982836914
290166377
3950275764
842805379
2174524422
1948468141
3407171880
4156686951
1515003034
1455997745
2989449948
3518406795
1413446766
4126808309
3489715664
49983215
1513361282
317950201
2612076036
2764509587
2733009366
2788398909
4517752
437316727
1696685930
4236183489
1842495020
2804786075
3809674302
3257196165
2213821984
1370938111
2699078738
3229769609
1233085268
1823372963
3665488806
1371999949
628449736
1961007751
2360448570
3472404561
221851004
563194539
2777137166
2083997717
2617440880
3444460303
801619234
3074497049
127155364
2602786739
2379686262
1815521885
640395288
4227337367
399163658
345947361
4189663436
2016654779
2965024734
3299497381
1951533760
3785490207
659964402
179878057
1776593396
1368837315
1974995782
2770037229
3811361384
2538750631
880402394
1377447281
1172785180
4205102283
3574125486
1043793717
105279248
1993537327
2000239298
3568450361
3584404292
3518610899
1847240982
4132326781
2189275320
858930359
3356226218
3662938625
4254626668
548788187
1846487934
500587717
948250464
21115711
2925373330
3308691913
3511435412
2373792483
1178335974
870864141
3210965768
3491297991
1057880442
1584741009
1977725628
2591551211
850048846
3133232725
787690416
2442179407
3404761186
2995711065
1418553828
923937779
2425946294
2621603997
979568984
2462547159
1565324362
2112280353
2635597324
1614547451
83392286
510718949
2595591168
3835656031
173989170
692329193
408823604
3504974083
1928247942
1744162861
3376509864
3560882919
232121114
1448204209
1255173468
3264424203
3260377838
2493396341
171001936
1938784111
3109398018
4229901689
3874715780
3182733843
1983522902
1507541949
3338908152
834653431
854967786
329202753
2413815980
2051951643
324965054
994188037
957042848
2210515839
63038162
3559465993
3955383764
3496226595
1454918182
1326177101
1676592200
2630589191
1983487162
2146960593
106657788
3095294763
1005645454
2459280533
1613278448
920083343
3302003618
3232431769
58709796
1546205235
3555074038
3470825181
4119308952
1797467415
409888650
2479173985
563616588
913612347
3945365086
219271717
2242796864
2595303327
1458485362
3341663529
203482228
1148503363
2155915718
2599581293
1184064744
1724351271
3248563802
95404529
2116735644
1170328907
191185454
2674893749
3439419792
3111143343
1674137922
1937399737
886736324
217568851
2458183574
1058699773
3877040952
3724123447
1360976170
3667965569
837328364
3761700955
2453748222
1353193797
3334912480
2843059135
3024969234
1738139209
1310833428
3919801187
3006257510
2708578701
2086098312
3006954311
2910093306
4123070225
468090172
3085252459
1352295886
3388224213
3236128304
2640462799
11001570
3956625625
430670948
3467150451
3472785206
2454777117
282692568
1833639255
2490309322
2826554273
880373900
1193112187
3264071070
3872190565
377251456
4095158239
3225801650
2125832041
2590826932
2155356547
3853375750
1548836013
1684182568
1194099559
1796975002
1114893361
3711334364
3765481867
3749206382
1156272629
2146876112
1219842031
4191435906
1694749177
1687868164
2747482771
3661293270
1414262845
1006072952
1075817847
231156842
2711122113
821203756
3199202459
3925287230
3561510789
1660379936
2191375359
322967890
969468041
3987363924
3447383971
1122150566
1767483341
2984060616
732273543
2684265274
3255851345
1405272700
351026091
1072110862
1729954069
576937840
3849415695
2713086498
2119033625
3696259492
2463109299
958537334
3033760605
2241375512
3246345623
1552879114
1313121761
3271296460
511084219
711281886
1105350309
1851764672
554786847
967061234
706462121
1484922612
2570304963
699811910
173179629
1810827112
2913846183
1703242970
786323057
2771606812
786421195
2916004014
2874228789
2488357904
1637783599
1052141506
989561913
1534353476
2790715091
2761696790
2276435581
1592079800
2691825079
2486091690
449211137
440256620
3254331611
1505773694
2086852037
3470609504
1601836095
3017413778
1156983497
4288427412
2955584483
756070374
621014541
3988797448
1582103495
1226311290
656794513
2335197116
2345893867
420942926
2958036821
2515048624
1866781775
188495202
39105881
3501104868
3974094067
160497078
1151883677
2365918808
3489643991
1007567178
1466286113
4200585996
2294274811
32511006
4103204069
4002953472
2447366239
4132031026
3818922985
463510580
3806829059
333051782
1127606573
3866671272
311116775
1277063194
758055089
1398899292
223296011
631785454
954297973
3142659408
2221678703
900715266
2678158969
1051143556
2029181715
2296948054
126196925
689977080
2268106231
1335202538
946513217
3138010540
3595738395
1625075646
1060606981
196638112
3494554751
1767591890
3277958409
4181152468
99786787
3640264486
2461037645
1497401672
3815808007
3825248698
2806099409
3748596988
417006635
728386446
734879125
1823674864
3676077199
3766042786
1110034329
3154512932
1628956979
2005605622
2416930781
2690559896
1091333655
1043117194
3592231521
1206186060
2453237563
1752046430
354143013
946209344
4139946143
1769383282
92456489
4178073972
4057183811
2874730182
3845885805
2638195176
772080679
4196840282
3752192753
2768299932
2550062667
910499630
2480659637
3862316688
1901979823
570457666
2100668601
1936931524
3218540371
1583375510
1108202237
3018356792
3164298807
3946554922
751116161
546829036
670847323
3196868350
1392939589
1523113696
2773451967
1191430930
793472841
2411442196
2199051363
3990787686
2963225229
1570642568
2471525447
3958934778
77838353
2914980412
4165126251
102810318
2681531349
939707184
154690767
78482402
1208818137
2744564068
3015193971
4199578678
625526301
2028310744
4242890327
2922014666
480949409
1489716620
2267235195
3172950686
4190103909
755567488
1073318111
1181401266
704882793
1173968564
2587366019
930289158
245593517
2575555368
4166714471
2329818778
679679281
2538704092
724484747
249902702
2726333173
1178640336
682881263
2263378306
4260895481
2669185028
1598256019
1011049430
3850914109
1484650872
1223847543
1382087018
1779816897
2552686636
590759323
1913601598
772788357
1028556832
4006124799
2685634130
1123250569
3093908820
466311331
1392403878
3171958989
2753096648
2251070599
473935930
1099694673
2472564604
2789919915
2021292558
312916501
3373778032
433622287
2602112802
1581165593
3433080484
3909140915
1226906486
3532938333
265925144
734695063
390552330
3176042209
441637580
4089272251
2672028126
951994277
3988870336
2646917407
2154175474
727894697
2545128436
4032081603
1063814470
497916909
612715624
2848801959
1501886938
705068913
1737716252
1662969547
516459950
2333047093
1286617360
3937286447
665294018
2351484217
2799113540
2071470035
2043781910
3761569661
2954934968
1953873591
2957348010
2728186881
2935430508
1950382555
3131401598
2257800901
1955164512
4243977535
130711954
4170822601
2826971796
73143523
798586086
910395149
368114952
340065479
1880494970
2688191633
1838341308
3744665835
2444718414
3397568597
825359792
1832711503
117170786
251559513
3160658916
1160875507
1530722998
2788307613
2658866008
905707223
1153666634
2320017697
3116085260
2756160507
3994792222
2824267237
3687767552
2154051935
1252570930
601894121
3279360308
1214876419
2323199110
2962883117
3347316136
3130770663
22740250
1181755825
2466682716
470764299
355411182
3016271733
2865042000
931971439
125698050
3523723129
2951668356
2025131027
2924159574
1616115133
2484124664
3345305335
1881759722
3365539393
843616940
123399707
395234494
1389432069
28940960
1612156287
1365818578
2323527177
3577759700
2969899299
3941581862
3665366349
3697692232
3587808519
582727354
2733594321
1503044092
2671482155
2702682254
1302926997
3247535856
2745539983
3952471458
613191833
941637924
1284151859
1743002102
3999418589
2651436184
3283726103
1105133962
2514027361
2756035916
2768388155
3370563678
1590281253
2557585216
2551706015
410161778
1841024809
3733180020
917940035
535110598
2779293805
1270869736
3808855335
1570783322
536876017
3605724316
1916792651
3780705326
3270251957
1371483024
3482290607
1772858178
3117740473
530575300
4214896723
2968510870
3559205885
495844664
167845687
1028420394
239962241
794511340
147169883
1208710142
3372813125
639566816
3899483583
2418948114
1927346249
4092175636
3590737251
742478694
2817577869
1622728584
2737470791
2943392250
199909649
3031148348
581196139
903552974
1650042069
192294960
2639431119
740767970
2838029017
1159065188
3276531315
3864426806
962895645
3351614936
3175325527
1507439818
843029921
2268142220
1110250619
2397372318
2992038501
82423936
3575638495
2634263986
2738205033
1041877940
2407269251
1189892870
454659757
3128500264
458065255
2308227994
2566274609
813736412
3253785483
2995131246
2662974453
1927185616
3002503663
3513816706
1842373625
2603236612
3880232083
2566906070
3924337213
2782428792
1149841271
49202794
3858186945
4084153644
3837826715
1264278334
1601915269
1660529952
2788654591
391836498
1812069001
4189864532
1738525091
3670942374
3706378701
1277735112
2490867079
3514088762
3714820945
470936700
3853344171
524408590
248804117
3760204144
2055450127
3958359074
3876812057
679795620
2914349747
2379487350
1434006877
351188760
1255788439
401844234
4055660513
1337831372
134752443
3746989790
960381093
1115093440
1740382751
3416000754
2660094889
2004420852
1727635395
2261697094
1865200877
1559204200
2612053415
3765995226
3549603953
3708258076
2808215499
4160121518
1836167733
2137202192
570546735
34390466
1480201785
130927172
1629311187
3183157270
2413713533
3325050808
3208478647
3964688810
30883073
197423724
1200343771
1623097982
3429353413
2039060064
3921008191
2049896082
1881226441
469245844
2584839651
500576742
4154925069
2281030152
33619399
2215125114
1504916881
1829335484
2761335275
1821101646
2572779861
1355768496
2608404047
2385481570
1754023769
1739393252
1342652147
1436350390
1356860317
3200587864
3569106903
1198316362
2794426913
724272396
3268639995
2574994974
3384794853
2992210688
3224148575
3615204402
2047096297
1608615476
292518915
2798416262
1075977005
3160621736
3698345447
4253780506
840258225
1505733724
4275264523
1625948654
2505302133
680326992
2633065071
4274007298
592578681
2328532868
3439017235
3059851094
4098248381
1473593592
39718903
1689332970
1412265793
1167779756
493305627
125102526
101615109
1796128672
1126723199
2347379154
3112091401
3487382740
3785064995
1553563942
3060115021
1029706568
2215026183
40551354
50397137
3302110972
1537222187
1828259214
2284375957
2932071408
2691874447
3055983266
4157823385
3352196644
780225331
1961957110
2044273117
1049147800
53145623
4085599882
1660480609
2260376140
2127499579
3700643166
2048638245
4124134464
2393985695
870481778
2413353001
210977652
589142083
2921685190
1815724397
2719233000
2513176103
3155021146
1455308017
1676218780
3833921611
3701528878
3164622517
1604063376
3825543855
181065794
3109567161
2304812228
3475073363
1513315990
2237695229
1946649144
3593134135
391200810
255455617
2922552556
2459104091
4273901822
1118798917
2026449120
2194622143
1607247122
3260711241
3400243732
4068327011
1045958758
392588429
3584533640
4073225799
3353126650
2610235921
2158771260
1191832171
2949217486
2709675477
2336068912
1773184719
1192551906
2670242777
1311318884
224630643
1662023222
1587836957
1299815128
3194347607
1736245706
2033747617
262860684
2285561211
132029598
2693913445
3994965376
3280620255
2484116146
2051783273
3536732340
1883501699
3826880518
296986541
390227240
3221489255
926896282
600663857
4173575900
3031884939
2589651054
3382115573
1439721936
4152177391
2842477442
1150070009
2832200196
1271911827
3228589526
4050451261
1946616696
1122234487
4017132394
2772216769
2462814764
323938203
1172011070
4169843333
603509280
3102367487
1226203218
1156875145
27473748
3237493411
2857492390
1491694285
4195120584
1720098439
2409482810
632247377
1037533564
3809734315
71119886
3953536021
3078393456
393400079
1681551650
2831957529
1073549476
4042138547
3610973558
3447852637
3839343640
783093911
781448458
2072928481
3007087820
1800862139
3130860510
3546429861
3162545856
2398585631
3947230706
329047209
1204977140
220369091
3488153414
2395983341
1697502824
2472036007
3395294170
3145912689
1435474972
195627211
156780462
3799509813
2087322384
395934511
2649091778
791633721
3461906244
1732674003
1079549206
648786301
4044604600
2429108407
407840426
3363153409
2158348140
1272650715
470523774
3722461381
769506144
901363519
3674692498
999081417
2852394132
2169173731
3351703270
4180588813
2479785736
931200711
1424895354
3817856657
3650356924
3959304939
2039753550
2899589717
1153484720
167327567
1893153890
2667450457
579485156
492892147
3367040182
3568428189
1038294360
3158343895
336209994
1010465569
2662291980
4100148731
3557747486
3905738725
3258460160
1631124319
1824690482
1980514025
1088420660
1308192003
953396870
2177774637
353798056
2282276583
279975706
2149481393
4153196892
3315297547
3638091502
1837308277
2225658960
3298427759
3950402050
595612025
523914372
2244308499
1898716246
1398581181
3295528440
1209716983
4247583210
1797578817
1157708972
678924315
9373374
3908042501
2545411232
2306690943
3906967250
3764602889
957231572
2813719331
4260838950
3061202765
3425556552
4260863751
1393414330
1467394257
1898040316
1577629483
1594778254
1800177813
2219458800
3783516047
271271842
1274946201
3138431780
385612851
1857164278
3262380765
3520839320
257962263
589273994
3447510369
1061384012
799007291
1936978526
4145133093
2693067072
3935220639
2345036914
4225360169
3543578740
3339225411
639212998
3371096685
4030494952
1448445735
3849280090
333473265
2616927900
4274917707
4162631214
284723125
1607267728
3200175023
3579708738
197100473
11884996
1267505747
707451798
3854556669
123012920
823697719
1229589802
3213515393
3978162668
3580118107
2997202430
1341783365
2730970592
2222270399
2245988882
2914519625
1677823764
3900256099
4095921510
2399143309
208300424
2452258631
87864314
1134801681
1640026428
1970502507
1139530190
3981383381
123271728
2119354319
628527842
3121378521
248535140
2717862003
1082028854
621302045
1510055896
273424727
2803125962
2174054305
1111016588
1766635131
4161550750
1416680549
950467200
456698847
4220618674
1061536617
1410774452
1284498819
3740978438
2188492973
4292848168
4135487335
1675484570
1493733425
1075497948
327218571
2523123054
3004708341
1058426576
105370607
3739021442
304936441
403285764
2631665299
2190793430
2350208061
319391864
1409462647
3890634858
937825473
3325814572
3202431131
831493438
2302557061
3494639392
920731647
88460626
1573588105
538848340
936684451
2441714854
3238792141
4257495752
207200135
649779002
2857827665
1219565180
2927525803
4151087374
958129429
2670523248
10874895
3556318754
862521113
1661552036
3265975475
4116058742
3400460125
3482632472
3880014231
724058634
3938732513
2496616908
766102203
18333918
2536125093
2883470272
594994207
2942558962
445638057
1488974580
4073685443
3937877062
211216109
2369788776
2697185191
3879444698
1909914225
556511516
2683574731
586032302
2049057845
2479155216
3681885231
3409124290
2701699129
1249326148
2649993939
3517585942
882707069
2160806328
4179165623
71431082
2256015105
1570446444
2435738843
3163339902
1258076613
3783647328
4043413567
4199794834
3940306633
2728659348
3389548515
4251692006
3403305485
2306558984
3301244871
2999466618
3452995473
53648316
3312042987
2295367758
2498949973
1560685744
3367852111
2129848674
1112791385
1023111908
3174998259
2222518710
3248995741
1809130072
4236820951
2057008458
3679020065
1682386700
1224154875
1842776094
2508050661
1533725952
1938381919
3665657394
2818066409
3060953140
235363843
277801862
94260525
563989672
3445966823
180921370
3230377137
3161314908
2154266123
1291566062
3428209269
253280592
3196494959
2644543234
1653774969
3174957444
3004407571
2930415958
227999933
702171896
2828767735
161269482
2642430273
2155581868
948691227
3537707966
2339731461
3618965920
1125527679
944309202
2402013449
1624450772
324297763
2668165926
1789581389
3637484872
1403822087
3836009914
810570193
2927976700
3061139499
1196933006
2266251669
2451875312
1993932943
3382965410
2970413977
1642520612
368749875
623317238
1479726045
2818753432
4166611479
2695751818
1701101153
501236812
3346314043
1569230686
1705750309
3901527616
3148879007
4028520818
1103030825
2188258676
846690883
1472322246
1271395181
2251865576
883099687
2848253786
3882258161
3475061660
3508216395
63738670
1341440181
2723273360
1874619567
2573546050
1091226809
3583905476
2155596627
4040579222
2235774717
662080568
717906487
2738281002
2940126081
1008551660
3778647387
868272894
2162718277
4095308512
4250863807
3529867026
3304690505
267093012
3354959971
497125990
2663227021
1426140808
2437972039
932233466
2484493329
2817091132
3185642603
3259119310
3586117589
3486015280
3946375375
2538356706
2312388057
3607858532
2434726259
1319137334
479210013
1029547224
3270926935
3902774218
3679869089
1859819916
4116875131
795727518
1576258917
881041280
3962244319
2743497906
2183384169
301148852
878696067
126880262
4250130861
3293638440
3468494951
3748686490
3366435121
1451614428
3998156427
1990240878
3946671861
2125476816
4015420655
1103175042
1722892025
953637892
3932960659
2943178710
1239526717
3537898872
2279961207
3159371114
770932161
3720363052
4151806363
3732386366
2710942853
3086162976
807149823
468269650
1183159689
2771198292
3694468259
1618303398
2773656781
2807037896
2515574919
1724638266
4217546321
2359208828
1475154091
3369070094
2268438037
3878770800
1176310031
187419426
384421913
3785980580
854295987
3089436534
3707748445
623232536
2225050263
3719335690
3479057121
1148595916
1593875387
2194038238
345385893
1620043968
893011231
3891646450
1130819241
4198590452
671118019
2805561670
2021785581
623272040
3555936423
118173146
2257527665
2413544988
1950558923
347603374
3295698229
359910672
2106899759
1509181634
1036382521
3425298756
354739155
1102026518
1236427645
3310800568
137151159
2150154410
3420354561
4070863212
663076315
306305406
2747085509
3833726304
730691903
2819896722
235919305
1440218772
2219432163
2395236582
4238994189
3103527176
3117220039
1838565242
2826252433
971321532
1087984875
1782637902
3786779733
3919548848
3888478543
2290259554
3800932953
117483492
1067471347
1492446902
2814482077
2560304984
2778006231
1260438090
331107617
3421701132
3499028475
919741726
1607649765
3455152640
119389535
4037831474
2680705257
278455604
1637437187
4261292166
1536321069
838406568
3162884327
3151311130
2203897265
4167232348
1060605707
2371000558
1103989621
400336464
2595702127
3846091778
1888019321
3033904772
1692782611
1054676566
3002423741
3625635832
870339319
1509987306
2067771969
1208608428
1571041819
1314865342
2107568389
2064002720
2146636159
1244033234
1440242185
2536250324
880203043
265205798
1661169997
3007668808
2502271239
2268064442
495844049
3439130108
1961220395
4124384398
1803549333
676530928
1886527887
2995823010
3070211225
206640420
998071859
1750076918
3407195357
285067416
3457594135
1009792394
3132139361
1922111820
1447920699
1792093278
1441376293
501758784
303396255
820659826
4052218665
1782162036
1969908547
320739270
2227506285
3020489448
1085573415
3641603162
1632679921
1297830044
1802253131
3484446766
160758197
1999290256
117312943
652238658
3912897977
1478149060
2112814163
2117457302
4092235773
611062072
3544195895
4111968042
1851206785
3945831404
3323127387
1376774142
1702555461
3166672864
4253870527
358607890
2552175689
510228756
2700874083
2329167718
3600758669
4285264776
3834183
785960442
485295377
2737175356
810720619
4207711182
3939797205
881574960
3227716047
1821764834
2659190489
4141531748
3938626163
1568042294
3577479965
1200466392
3865355095
4229884106
377176481
3851447948
1014782075
2114155422
1293600357
833897600
1180790239
1542414770
3538277737
1550032820
934528899
769214214
307884717
3029742632
1488947559
2046228378
44753457
2349135324
1428232075
185698158
33990645
1688082640
3265861103
2719566466
3524888569
1530466564
1149266067
385471702
3134326333
59413112
4002165623
1018034794
392488641
693670188
3440499355
479448894
3515952517
720257312
3030057471
1560323922
2401509001
3771733588
3189345699
3876918950
2512207309
1185924296
323723655
533786938
2832355153
1503674492
4016021931
1214728974
1710446357
3750346096
4158140943
3654449186
3813579033
199077796
1370502835
4020767862
2490669405
898288408
381604759
372038666
3109821409
305202124
257649851
262732510
3685098661
714444224
3561072159
1694219506
505542569
2086067444
3166004163
3580868166
1653676269
2095097192
1021757863
4191075034
2309704817
4053785372
2559982539
2931154606
1365415477
1366733328
234380847
438924738
2506570297
2742066756
3705279699
1617499158
4125867133
246830008
3456402359
1543736746
682156289
2411841132
518065883
3979015806
2015472581
2261920352
4116535871
3024659090
891773129
329249684
3222227427
1271997926
513639437
1917900296
647561671
1431852154
58579345
3450586556
1850533355
3991224910
589063509
982316720
1997642319
1569080162
262892377
3499744484
3028681459
371518390
385839005
339029080
3345302487
1436159818
1972581921
632477964
2603270395
4278305310
3620455141
1774982912
737549919
2135906354
3984349673
2673039924
1487880195
3508626822
329940781
2519226024
1701464551
4090871322
1485960881
4218159196
302751755
1776121326
1575535733
4009003856
1764484719
2454774018
3714264185
1442933636
2872836371
4056126294
3547837117
523195640
4192801783
3193463018
2489523009
3953933228
2814411547
1125473726
1332505093
3517666208
1343484543
4000832978
3295208201
739840212
454903331
541619494
796920397
2878285640
3529679367
179238842
2939134929
478710524
2841274923
981891470
2827989909
2530570224
3729736335
2599505570
3990257049
172968484
2542014259
137169654
2870773213
1556925848
2694312983
3316023946
1566609505
2371219020
3962197307
1800259934
1472962853
2425872448
4257142431
506082162
2603940905
3667466100
2682346563
674124998
65414509
3383576552
2324302375
1129054554
295624945
1722377628
3720430667
734547246
3453563573
777495696
2491657903
1305447490
2488098489
3626727620
1407593811
2722714262
3249924349
1312134712
981066807
250377258
2362676609
1247277292
2481993563
3717399806
2377214021
1287240928
2499726015
516839698
3072894281
3749408276
2206433891
196805734
3332690061
1537915016
4008215111
3138706170
1848094225
2742456380
3704106603
3179999438
3163374037
2242062640
231811791
1968413154
2282737625
3191732068
3203029875
1023437366
3742096413
3364990680
2325144663
2979149258
3271830177
4133110668
1318726011
3016560798
2984623973
2151213440
970706655
4107030194
3247169129
2204636340
1720432771
567706630
1367608237
548370728
2760247911
57771162
2534542129
815270620
1475815563
599155822
2272518389
1088421328
2420094703
3487922050
3831877881
3475949060
3138951571
2302300630
1860591421
4111013752
2549544055
956286826
2218414017
4177847852
1336945563
3152276542
2838537861
2034066976
3562922751
2559317074
3349587849
587664212
3984719523
4117287846
575395533
736332232
2490016391
566885946
1118173265
4290106748
2228630187
1177724942
1700073493
3627426416
634868495
267199778
681009689
832955556
788064179
1809779062
2165142109
1355010072
2913080471
2761763082
951977185
1308612812
1320828347
2009044958
2086280613
1508848320
277677855
4134906354
985727145
788550132
3236844739
1163522886
1522807277
3832474216
3953019559
2407942106
187397489
2524442652
485313739
3236412334
2969095989
2546833168
2627731247
3688014530
938246969
541807428
85149139
4258697494
3377010045
2901006520
1520452791
1741839018
752306689
2230524780
2269143003
491262846
1479156933
410406752
1584479039
4008775570
4028819913
737929364
2371402467
76669670
3233094925
91855624
455672519
974020986
1860862609
243686076
1573156587
3820855118
3911654997
2681101232
2258746191
3455971426
1504523353
3922137572
737129459
2349394102
2673952925
782446936
1912177879
1778867274
2429427489
3246829068
3100283387
2523225886
2372451301
2130361344
4061298527
1449542962
554984169
2996948788
55128323
1509466758
3186006061
2653658024
3625110247
2194295578
3492487089
361305436
149139723
2996589294
2963799413
3831525456
971278191
1960250882
958494073
4039188612
2518037011
2539524182
4280159165
1326963192
179688695
111422954
2028635201
3143798956
652268571
2164226750
2430460677
732199072
3279475583
4114434770
1792896009
1872365012
3611801379
2692100646
1612751693
296545352
459514631
1059194042
1966427345
3978829820
1674771243
3849049742
3460525205
766235888
3497026447
1388706722
3851503257
2883682084
974045235
3569223670
2286378717
3681538712
2145203479
219205514
3715397985
3190735692
2567644731
788424286
4216429093
2426111296
2393651103
2279481458
3469083945
596413556
3252440387
1727173062
1496006253
388336872
572754727
3095236186
2287012337
1795914396
941249867
3893635630
750873525
400066960
676155311
3727866178
3527714745
2781883844
308371027
756076438
2124759549
4107475768
1886889271
3233104170
2595487361
2845001196
1523681371
2789876222
2307645765
4094157280
3551833023
3199256082
2987798089
2736874260
2140074851
1884668262
4274940301
3116203400
1834648391
2890196986
398874385
4175111484
3544301419
3665645006
3672767189
319721008
3817032655
2172995298
3598948569
2100636772
496372851
3174983478
3388978461
275362776
3213698391
3640230602
1894847393
4046985356
1002175099
2697637278
475314277
1880198784
3600429023
1042103218
3725977449
3607136692
3504843139
3012018438
1255285933
1486667304
3255864167
1272975770
366818353
2487164892
114375051
2425307502
193272309
1668670160
1746556911
2602935426
764811769
3837295364
1580518035
3593391830
4129208381
4149976184
2485499255
2168820842
74692801
2630171436
2404547739
2355628350
3094617989
4074801952
2674181119
2659942738
2148348041
3151102036
2054057891
1534103718
3674107853
2800438984
692953991
1018628922
1490919761
3470748284
676381611
2452751630
358271253
557221744
3759830031
2105266722
1992567577
2734823844
3670382771
4241098358
852118365
3335574808
1497978263
1493267978
3716410849
1206037964
756879035
2332701918
2259818149
1050466240
4196165663
1818466034
692324777
1648215796
1152075203
3338154054
4045097709
2882613096
4028222375
2553402586
2601492081
3462661404
289955275
458070190
1932724277
947420176
965451823
1861210050
3042298937
2461665348
2647684819
3925347862
1405775485
4025572792
3187672503
1939154858
1751757569
574124140
1889775835
1922642046
3554057669
3916330080
1992891455
671972498
3473044169
4008435092
4230360035
2298912742
1928377869
3262537736
2809988039
3954732666
2059086737
1282731964
524290027
466222158
3285571413
1768145072
645258319
2850659682
1351810393
2726840036
3051185395
2325800374
3504808349
937768536
3042035159
1483254090
4117563425
4016997132
963535611
3439131678
279557349
1568497920
1769136223
1173434930
3398462441
2592359476
1902584323
1753472902
3930501421
2583879848
612322279
951244826
2049460401
2528782940
868205067
932130798
3389732469
1210078544
484517999
1557216002
331595385
3574912388
896819987
4289498454
3320341693
3084148472
1984337399
48495338
3101027649
120382892
3942982939
3625818046
3522386949
3639713184
3928077439
779532242
3644192009
2981034708
2029398051
1616375590
2229615693
899592520
2150147079
4102623674
4288607697
2396763388
3025112107
3330618254
1822107029
1020672496
1456833679
2853087394
774901657
1091023908
857567539
2650998006
4069930973
3706115992
2078701079
3798932618
3404489313
1427871820
1827665723
2246247262
3497759525
1844652608
3571292319
1040584050
473632297
2501116276
3948625475
2674577094
345266029
3966882280
394333223
144907098
1432826609
2860617628
2323080779
3566470958
3058541749
2209181328
3529175215
2819221058
857731257
285795012
3378548563
4002172054
3132660477
1749327928
2235131447
3664907818
670590849
1491245804
716626267
2083864318
3909769797
44697312
3383659711
3305583378
417838921
3109771284
2770232419
2292481638
253493901
1772372616
2341504071
3530093818
2848522257
4082350652
599740523
564374222
3588928469
751694640
1366912207
1630204898
433807833
2210423140
382057843
2922406966
639077917
1863694552
2504484439
1112854474
2957114529
640281996
333564795
352078494
476557669
1363030912
748458207
132262066
3095654505
2804743860
2261228163
3001875974
2386836909
2891842344
3244231783
591568538
252468529
117060828
1907313291
563879534
507138805
476039120
1513683183
3554267522
1034576633
3956682756
1037368211
3453438934
3766161725
1518477688
4078466679
3850330474
672211393
1687785516
2616774043
1579165246
2405144709
3889672224
632268031
1056894546
1213708681
4214289748
1960763555
3911994790
1339361485
130487240
3790906503
1083709498
2071546449
387776380
3922678955
4234502670
100958741
176876656
916559119
4068376354
1574237209
2951892644
1695959475
1919484790
967517277
3887192600
699700887
56214282
934139617
1339654860
3129204667
428397022
2326663077
681475264
2700069151
2529526770
2041254569
1712274420
1475098307
709520710
3046532077
587691112
1515801767
3822150106
3377973105
3915651612
2242342603
2380756398
672219445
2205638928
4105912623
2743139522
2644710713
1253883204
3071387603
4107111190
628082557
667738808
136562359
1330377898
1801460737
3079783788
3943367131
3172879742
2066159301
1236965728
1315241279
798878098
1640365001
2893009556
477600995
2838453478
3310374669
4182189320
3683976391
978746234
3069170833
3614934204
3267336427
1711954254
1126731861
3880592816
1720581455
3242805858
2220672601
1256029156
1649350131
3790398134
999357085
2147171160
2708342487
4038981194
862974241
4285159436
756429819
1925749022
4052659685
1431569920
2719433055
502275890
2045801705
2801449268
3003716355
3435338886
684378669
3652068776
1521470695
3851379994
3867767217
3472834396
2728383243
3367374062
974286709
1781807696
572639599
440363010
4249487225
1392282244
2572588051
4205775446
3084303805
2841961464
1285248759
2199373802
3827652161
520829612
70088219
409973950
2729235717
697483936
3557725567
1780753618
2675080713
1113059284
271096099
804105254
768464205
1734637128
280077575
4209254074
3731660497
1369655804
2865765675
2916257934
328654485
341090032
2172560783
1892373922
1471338649
432138532
2461016627
872153590
2047414493
2972834968
2763241239
364997002
3049802593
2719771980
2010695739
1073455198
1732873253
2023673664
3763534239
279050866
328472361
2133816948
744369987
2711030726
3324080237
2576488168
2057473319
62695514
148986865
1963697308
3839391563
3242714158
4202552757
3252048784
2729218479
2069173058
1189034425
1775605700
2296627283
3065760150
99611645
4169803064
2294228791
740481834
3298873473
2823155692
329263707
794057726
1009570629
3365940192
2263641535
30515218
2073903177
1915309332
70374755
614939494
2274204557
3143567240
1502250311
4253090298
3023022353
3806351164
3728793963
1660815310
1032809685
585193520
1739820495
3829702882
3793169113
568301156
3128520307
3755368758
2203281181
882228696
465938263
3181649098
284616097
3845112460
3876297851
3764512670
1109305957
1941887104
1273164255
572200370
3772119401
1139635124
2552990595
4026940166
2883212973
1811105832
2993786215
1503210394
312444465
3637070300
2828098443
2799500142
1335069685
3147672784
1989908975
1241644674
2762124281
881321220
1777937555
1077135574
3187370557
1853662840
